acc = 0.982
eval_loss = 0.11897389728348196
mcc = 0.980475344526687
